0.339027781
-0.105303181
0.32582342
0.889728333
-0.233615731
0.743910855
0.359483746
1.096620704
-0.357410657
0.543618805
-0.805035926
1.108734631
0.528747397
2.374003021
-0.2379208
-0.923697784
-0.931624592
-0.685258454
-0.018650875
-0.49593815
-0.653242595
-0.627020717
-0.497756236
0.997184541
0.297033556
-0.087259669
0.049086203
0.846413263
-0.274943615
0.015882357
-0.490320709
-0.148071516
-1.536723194
0.685321572
-0.272214111
-0.172459848
0.498406702
-0.211644304
-0.209506619
0.813261792
-0.928731099
0.24192799
0.917148329
-0.909466831
-0.632584596
0.837345784
1.027063246
0.120820771
-0.181883496
-0.097567703
1.467304422
0.359225753
-1.0866122
1.67738152
-2.53975485
-0.462572716
0.152011806
0.495400101
0.434094154
0.268317905
-0.18703853
-0.178505629
0.256949812
0.128832281
-0.105257206
-0.805748508
0.295084355
0.118796292
-0.033701358
0.219731419
0.02959571
-0.663376926
0.556498841
0.08601105
0.45751958
-0.399848435
0.236690318
-0.152840741
1.062183256
0.126130435
0.428360385
-0.896281872
0.427381472
0.138759025
0.29516661
0.582421258
0.243603448
-0.049625894
0.517510981
-0.314974615
1.063523716
-0.383916946
0.520738271
-0.088775281
0.565991713
-0.34030684
0.685136493
0.643222848
1.639371154
0.363210925
